id Li M
0000 425101.12330935843 366637.2381033566
0100 540465.3116182662 531807.8895633295
0200 872836.0200898432 917372.5653578829
0300 770784.9851760397 682295.3704483135
0400 849370.5320620318 721835.726133261
0500 1167607.550309121 1073999.555405467
0600 1205964.9998336136 1116518.462665008
0700 1433854.3612045583 1419644.1606954765
0800 1636932.3069246735 1656236.369744193
0900 1912769.8111154265 1936678.3528691852
1000 2248318.001774587 2365019.765573301
1100 2430652.9126767516 2344803.5352058867
1200 2664262.193892609 2404149.7721508606
1300 2715583.1341202185 2699421.4417545903
1400 2763313.8698988077 2784945.2601045426
1500 2816160.237067396 2746468.42631003
1600 2731471.0018455065 2769513.923176143
1700 2645858.79628041 2756985.0734545183
1800 2510116.7271821965 2468537.0920529114
1900 2333229.807589444 2002586.56129575
2000 8644035.805534242 1511583.9426451714
2100 1808361.847762042 1705070.4045711088
2200 1651371.139019017 1490522.855472213
2300 1455655.7228371967 1376925.0532896686
2400 1203871.3056141848 1186439.4919155252
2500 2018972.96371871 1702678.785844236
2600 848234.1240272376 798369.6461475483
2700 724889.4083160781 681703.1001964279
2800 614883.2035990858 564729.553090183
2900 527787.2352163545 481271.04237194837
3000 440547.5721989837 407686.43302647123
3100 386266.16222959233 366318.49821401783
3200 330599.2599925221 271369.4857182016
3300 300775.479363666 270422.41117335355
3400 264972.88109913265 222399.40509666014
3500 231836.6544243245 203553.82586456393
3600 202393.35439073274 181980.4591697581
3700 179358.98539557104 165833.3372886351
3800 154872.55170028692 121096.680228061
3900 130195.58693774362 92669.39309044233
4000 116341.42437041011 106195.88073840049
4100 102565.19054445284 55114.839557048064
0001 419758.7811395673 389373.9945009029
0101 523229.97068577947 473560.5166552263
0201 642117.1747370837 632873.8455814817
0301 778771.063021197 764995.7303604186
0401 916126.8689924619 887635.1953559811
0501 1069066.9255968414 1023053.2346848485
0601 1336053.1015860839 1323281.7219375663
0701 1616982.0397665226 1650385.8270407766
0801 1835255.5235556345 1847299.9280396788
0901 2162123.4420213206 2192359.167930511
1001 2500827.3993609506 2446357.518608074
1101 2789984.798329012 2821182.428458039
1201 3001115.377012066 3033232.1510998863
1301 3138516.6325606005 3174706.914109608
1401 3428853.928207376 3230683.7207854595
1501 3427232.279096156 3196980.091140786
1601 3253646.897406168 3232768.5583587424
1701 3209676.480682771 3311090.133192878
1801 3151259.8418043023 3092208.1936832317
1901 2961075.071507284 2845247.511248545
2001 2618404.927255348 2806644.316318716
2101 2267644.62934376 2322748.7939810078
2201 1969490.3852029121 1882348.2522388778
2301 1693863.117529584 1661951.0511690478
2401 1506387.3634999425 1538828.7009590918
2501 1228552.331613237 1157776.1634087162
2601 1107035.6810267894 925455.6385949893
2701 869586.1799194872 814927.6733125997
2801 716305.7091030574 679908.0779754996
2901 590556.5425186845 558611.1645361462
3001 520655.46124070376 507936.0789132581
3101 452756.50072676863 442509.2696475689
3201 368280.3285224751 352986.69292361685
3301 279592.40850800596 209500.60620446817
3401 290361.79244561604 279766.28922202863
3501 232163.61934269624 169030.22084948202
3601 230731.80629680995 228068.90564116678
3701 236779.788304176 217162.6275947723
3801 180855.0278414444 188137.48959846303
3901 177632.79275127736 151715.2476968594
4001 132227.5028565131 106001.11240265828
4101 129746.86176878895 119415.66402531443
0002 432082.0051296842 366051.34129900386
0102 547783.1950909775 501894.82626617904
0202 663211.1804994603 640382.514420327
0302 814061.9554664925 777566.1976601591
0402 965102.8113465087 971121.9680202926
0502 1153740.354822689 1116189.0525128061
0602 1467708.32865824 1418537.7576533773
0702 1714853.3509783908 1705354.7488340011
0802 2024864.7816655457 2154360.5470386203
0902 2454966.9266424663 2523774.591168031
1002 2887587.761371008 2774953.4440691173
1102 3279646.9899943755 3205045.3827863797
1202 3561920.064936369 3346357.626214166
1302 3670308.0096964696 3607802.0447824188
1402 4015912.083965769 3961671.3415084183
1502 3830601.513576235 3960239.364229178
1602 3790475.1144630243 3762310.143455281
1702 3842208.6239508907 3627532.099948107
1802 3880706.729906022 3747615.0990021634
1902 3444062.4795343303 3549273.455691737
2002 3191342.2012530775 3079251.265126148
2102 2898899.2600704157 2702002.512521149
2202 2566085.083435091 2471518.0814956967
2302 2089008.1440977128 2088722.4052382202
2402 1746511.5475624374 1678220.565531254
2502 2075784.088377401 1625328.8593716512
2602 3334269.852924715 2451689.928082525
2702 1044149.2333901748 950898.6753050622
2802 893681.8462009027 801437.2455875227
2902 725758.0587062325 643631.0850726942
3002 604927.1534238361 562130.417241238
3102 659954.76223271 569271.3656084927
3202 431090.9769163147 430003.7185575625
3302 363705.56049776607 345936.8073464033
3402 303642.5571540309 266435.776095067
3502 281458.1232667792 269950.74973065726
3602 252060.51889176804 245854.81870564085
3702 215340.89284748948 183915.3718891438
3802 186787.5435131801 154465.24257333268
3902 154200.9129639554 106408.14977233023
4002 156419.11564321836 154567.8034202072
4102 140516.67566303004 126989.66938720913
0003 465576.2057859999 423840.43459707126
0103 565963.0444270314 496867.28723437793
0203 692362.4037123843 644914.0487781651
0303 847777.4255230746 835149.5028552592
0403 1041794.7627017047 1025394.1144684756
0503 1230494.552097648 1158499.45757748
0603 1536676.379342829 1506345.5420544737
0703 1910727.8018977772 1977682.746969577
0803 2217963.220055028 2277378.581908722
0903 3410129.6018898343 3015446.295528788
1003 3234929.2103888514 3103906.2208969947
1103 3782457.1505739675 3588274.9259981937
1203 4244268.868616939 3840178.5216148347
1303 4040490.801028934 3976497.287285678
1403 4163740.63044937 3919276.044996973
1503 4162848.7547537014 4187927.9285820536
1603 4165249.7987469677 4155752.541369208
1703 4298467.6401578775 4336211.827504957
1803 4544515.268136232 4132057.070747045
1903 4123480.9845280102 3920537.7790519446
2003 3795571.811932443 3680338.64394691
2103 3487548.726760907 3289726.0623535155
2203 3021837.350160313 2954310.382100265
2303 2481112.2328681196 2431551.497643275
2403 2088401.7701741531 2084534.359655241
2503 2774870.7889782796 2085178.8870049017
2603 3866345.620527346 2750778.462040711
2703 1271118.3749592388 1093087.7971625607
2803 988170.173478796 952980.7578333963
2903 838414.7935881694 862537.6495586934
3003 708764.923120179 702011.8789988762
3103 564028.6963713054 505714.83378682286
3203 473070.17771340377 414946.77272422664
3303 392490.63249068847 360421.1237248102
3403 305902.5797861002 231715.13031807408
3503 308242.1863830712 264513.3865679162
3603 313956.0011268049 310508.07975673565
3703 217356.87378262865 171120.07084674438
3803 216593.4671094945 215236.10581547857
3903 183884.20484023995 179415.0255935769
4003 175272.38109207165 150607.74161094875
4103 142970.08167749984 128718.56895872898
0004 439287.4735281069 364038.3596742784
0104 576581.3551790253 526430.6236586245
0204 732139.1451107825 705800.6795906065
0304 872810.6450889462 843714.204196272
0404 1058044.641177271 1008136.411285944
0504 1322554.9664695302 1320415.9602107063
0604 1624495.7801826675 1594192.9195895311
0704 1974843.6719006763 1924238.419620368
0804 2403890.82550718 2465461.0056884703
0904 2982630.338254205 2995688.4289224925
1004 3604492.303608724 3538535.3528627227
1104 4303701.600215444 4144985.7129178694
1204 4507655.279469293 4281641.901456125
1304 4476890.674199588 4469976.678743887
1404 4576562.70297967 4396655.732299478
1504 4650567.037815609 4671892.812188966
1604 4770942.632265332 5054985.613845883
1704 5181871.672055532 5064819.167708548
1804 5105879.614460004 5032063.724731546
1904 4731181.209334844 4351807.5633627875
2004 4415419.039888663 4014608.9327178686
2104 4029975.8942716257 3657615.8925995044
2204 3623065.1585207707 3353582.666537513
2304 3055139.9753262233 2930960.081459026
2404 2550777.4754925175 2493595.2576225167
2504 2138103.1946668173 2095285.148224129
2604 1800917.4492484226 1665145.395541159
2704 1466758.9097578463 1395189.903585435
2804 1182417.2343084603 1185066.26191605
2904 990365.9033247725 1046964.8180812609
3004 786029.3263521869 774973.8243396938
3104 632762.0563116182 603854.0239529775
3204 501270.8806911301 426820.82926313585
3304 432330.7080356914 379952.0335865854
3404 354886.6185330809 285308.8563641715
3504 329456.501837809 293126.8684892486
3604 302996.35554138274 283290.64988152566
3704 275995.756409471 229740.42695307906
3804 228209.31599866156 182777.1242909155
3904 196902.0395465457 173362.3515747341
4004 186099.6564314771 168813.19663970356
4104 141330.48382822494 119791.5490427392
0005 459485.6288874184 402427.5587545313
0105 589853.8434880842 587805.778642624
0205 745495.774106505 678771.8974876776
0305 917094.2161723175 918777.8440825242
0405 1104190.7807650901 1066503.7020179755
0505 1386440.5143817752 1371785.6748736296
0605 1724971.3997336058 1691373.425593656
0705 2110734.561318215 2066888.768345053
0805 2837458.301580829 2997229.3679513843
0905 3313618.14601984 3373456.5848183
1005 3965006.2950761626 3782542.9849898033
1105 4542163.152260626 4339106.673575474
1205 4793626.720036289 4382218.42382848
1305 4937753.892132721 4709488.257782846
1405 5394941.967773541 5151945.587528531
1505 5694340.48638008 5287778.435785568
1605 5782819.412779656 5863959.653547111
1705 6188570.730321851 5560890.147729763
1805 5935025.623805338 5450827.009068929
1905 5495826.655924891 5060322.741890611
2005 5210331.754471553 4486201.621587711
2105 4552774.696947107 4239233.772357299
2205 4114940.2071960545 3952925.2046252354
2305 3622563.9669269663 3460922.870736958
2405 3077446.254603683 2910279.3335226104
2505 2445843.6356875002 2482421.090115381
2605 2492966.8089460884 2429608.495670608
2705 1761582.4889457116 1626119.3293953617
2805 1382325.0618611104 1335144.4353406373
2905 1108450.8730161602 1080132.3354545103
3005 871081.9412632398 809639.0010426686
3105 734781.5007573912 643144.7404344305
3205 601909.315244703 584852.3867937196
3305 477792.20066745294 419068.8998730353
3405 417013.07337624097 348104.25069629773
3505 360863.1309634955 327566.8027557075
3605 337804.90276141354 352001.12698396394
3705 292758.06287442025 256929.14611880176
3805 253836.27544636326 233257.66654613317
3905 205623.50259594084 161045.18204830925
4005 184694.72180779735 166652.72677311604
4105 150232.2187141423 120028.70554370637
0006 462045.00815991143 399933.4924594671
0106 595539.5932562841 583074.4772082887
0206 735933.5244189171 722664.321106345
0306 913567.3149558165 900222.7107647472
0406 1146869.5439164937 1126949.9679857744
0506 1443511.530998595 1448649.4111262097
0606 1786684.096458308 1756149.8138772084
0706 2256981.7385891164 2326921.8344284464
0806 2882390.409470372 2914766.001902525
0906 3913429.486247124 3940032.279988996
1006 4238858.425692618 4021068.2148229945
1106 4690868.767911332 4419825.117598645
1206 5289574.763927308 5300057.722037988
1306 7776105.811757291 8352615.71339387
1406 6509328.442159952 6225329.324358582
1506 6169708.517013887 5903186.587920332
1606 6316379.95942872 6563150.49048014
1706 6629103.040813907 6424258.219734756
1806 6375589.680310151 6659727.334801305
1906 6012179.631016318 6303784.210105673
2006 5903821.188952503 5689947.776622133
2106 5131492.0274130935 5244968.983994255
2206 4593526.717864729 4499630.038917662
2306 4229381.612867976 4111230.063623888
2406 3541410.1775020272 3648505.110468644
2506 2955500.8873048695 3144976.698277818
2606 2438136.0779856904 2410189.483906269
2706 1976685.5834702742 1944881.3642460634
2806 1605726.5424468596 1547512.181751064
2906 1334391.3560487297 1326142.8245645226
3006 1031266.7165991061 978797.2543319531
3106 1103023.568589052 1424570.6219579382
3206 676587.7242522789 625051.1092310367
3306 579972.2140851843 530598.6415676664
3406 450402.9646566538 404807.7921728537
3506 393070.65916993754 335281.8810800511
3606 352700.496970954 334283.9862400084
3706 300527.508336642 286718.32417899877
3806 269520.0677218415 250172.8779345814
3906 245776.2353309801 195559.67304925798
4006 214531.4250646504 194654.87610603575
4106 171579.0357139633 158244.65388600813
0007 521886.5642058592 542637.5371198151
0107 594658.1753275912 566289.2975888918
0207 753781.5304737109 713252.4760587739
0307 1005255.4337510328 1023978.1085764072
0407 1198791.637187626 1168024.9654771818
0507 1451494.645453842 1407624.7883145888
0607 1836346.3999442204 1782781.8299914245
0707 2358602.123418667 2464408.394203307
0807 3086646.0506476746 3083940.72139755
0907 3820629.22474189 3641393.172205789
1007 4512924.425990598 4296258.575797112
1107 5130779.885519924 4760075.968150454
1207 6817321.380937531 8335884.443862008
1307 11738214.270278644 13772020.961092694
1407 6789061.373293554 6763441.442665843
1507 6615688.493968384 6586233.287797817
1607 6981170.87869023 7073386.479907149
1707 7078313.018234558 7181096.860611971
1807 6942395.588165038 6775674.476954214
1907 7109715.078830571 6961487.320625644
2007 6977848.0864408165 6530799.850641762
2107 6119870.909604461 5916616.08840624
2207 5362951.144459751 5285226.676332939
2307 4723972.73296219 4687339.32038479
2407 4188568.672885819 4296299.1881681485
2507 3506726.7577782474 3581831.0466076536
2607 2890868.0767680444 2795554.9077272196
2707 2303739.487801482 2267057.0521409097
2807 1914633.5345598818 1873682.3156512058
2907 1526991.574018228 1449797.7198318653
3007 1225785.5175276396 1245159.3211956846
3107 1009216.8612053973 990951.1971312922
3207 810507.9067666178 754563.3094200442
3307 629182.2319611385 568503.9359907529
3407 500758.58466533903 430345.0551440608
3507 413669.56873277196 357366.5931538467
3607 378452.6739928094 364827.5002107415
3707 349457.1457985091 333050.71795599844
3807 283130.8370569277 257099.97730833042
3907 251579.27558225594 238254.95398780916
4007 225058.71269657934 216349.71670263264
4107 186703.57717747684 187532.0931644801
0008 684083.4965192094 1039858.6024547804
0108 699121.0885436372 665709.885173673
0208 758110.8640472416 738491.6684554773
0308 1156871.919643337 1181978.4275219606
0408 1309656.5703640748 1294382.7929296354
0508 1501364.3284266284 1476163.066158954
0608 1927479.8855819502 1879375.6310966276
0708 2534910.499316666 2513843.4125573398
0808 3338731.8600704507 3282979.016542874
0908 3951872.7308976213 3902444.8706845175
1008 4637240.992976477 4716328.1732481755
1108 5390214.2942392845 4961621.511549862
1208 5895214.016200124 6594198.518742763
1308 6911406.56043383 6463490.153655029
1408 6938717.748402099 7185909.698290706
1508 7262187.657421486 7218393.800405644
1608 8224659.199371258 7539243.338756585
1708 7733101.884842207 8313986.647822298
1808 7866680.9019348975 7772350.881386251
1908 7630006.207735075 8071996.60031418
2008 7468694.879965093 7553372.849842839
2108 6586259.639434929 6887858.077061217
2208 6016441.102820738 6196630.184939519
2308 5417273.731561579 5872506.390458207
2408 4827020.570049268 4915830.9419357665
2508 4060247.528811662 4539459.545519092
2608 3370812.091143707 3492747.757499458
2708 2701368.294320255 2749394.460834505
2808 2201101.681558778 2257053.482936857
2908 1808820.7406499828 1811436.3128641963
3008 1386050.267865557 1354687.0970699552
3108 1114613.7885596654 1082540.9718100415
3208 874728.6788736258 817223.7464111812
3308 744309.543373276 733254.3725825954
3408 592035.4602483432 579780.3125438844
3508 494044.9202237933 484581.1754922068
3608 408621.3829198842 378536.158501345
3708 358392.5060170388 312629.10440437304
3808 302966.79119199613 262675.460812712
3908 294886.7663427143 298118.3634280996
4008 242751.4236094964 211070.28064582788
4108 210539.63815308711 194978.11753846635
0009 494361.1435638194 439526.5455497087
0109 583098.5823623738 504664.15373198874
0209 767076.4528355412 758588.6150813875
0309 1007529.0766096179 982197.7464207582
0409 1201598.3531525477 1171215.3162962047
0509 1533423.2993718402 1509810.3643037707
0609 1950694.2596298528 1939656.870054792
0709 2589357.7406967087 2531977.591824011
0809 3455761.490254799 3446795.314368321
0909 4134624.7687507304 4075274.7061184053
1009 4767983.178848072 4754874.318758163
1109 5587230.158319249 5202414.583924399
1209 6009206.038096279 6511086.238689882
1309 6940908.243970826 6733862.228193678
1409 7662264.797627406 6739841.6364714755
1509 8006427.346505843 7773514.541028261
1609 8134078.215401115 8440103.262223532
1709 8155293.638379011 8620186.532765802
1809 8002884.967779961 8693997.128631985
1909 7742014.007277638 9039665.775836626
2009 8054096.500673297 7807723.949789327
2109 7245184.352978238 7946574.384060732
2209 6801570.0610575285 7101734.761329038
2309 6175227.5576752145 6542839.391494923
2409 5851796.273234526 5689622.625754431
2509 4808916.097410949 4872740.927862574
2609 4053409.0724561256 4111899.623615723
2709 3320557.380805072 3296674.8007405554
2809 2637811.0110904705 2642622.767764848
2909 2094329.117999437 2119572.1580989487
3009 1816591.4716277816 2033765.7468519683
3109 1831558.349652995 2889383.9640712393
3209 1069931.4338292547 1067555.4519671602
3309 855682.4630861391 840160.8506178828
3409 658249.9518616966 606747.9420828107
3509 543264.9770102566 510121.5755989172
3609 416586.6086643557 353934.2359119954
3709 374721.481761537 331235.7106473241
3809 340434.8596479447 340167.9624460718
3909 278972.79712454363 235186.49743753532
4009 275662.45173469273 209299.17808964674
4109 232143.87928239696 235060.22791700606
0010 510594.9690407685 456694.6966947642
0110 610759.6359719383 601885.0666022868
0210 737094.8014410664 679668.5853066884
0310 978929.0093337446 947979.9293173988
0410 1186013.8456766473 1129317.4932909189
0510 1539716.6512987353 1490655.8509010065
0610 1968106.0316725716 1915844.8201077643
0710 2640699.234240674 2491768.137323111
0810 3544797.0975254374 3494281.9938398884
0910 4330042.06161221 4264559.173923862
1010 4960284.87191754 4920249.755529328
1110 5902752.3468930675 5293763.63790717
1210 6285291.197413316 6579093.802233797
1310 6997180.267821978 7637086.552131998
1410 7761923.05611711 7880005.220942656
1510 8332464.5460666185 7849612.912512649
1610 8641295.632541846 8550841.230406454
1710 8155309.769941917 9043758.231581159
1810 8283948.978229602 9264021.539116614
1910 8609222.840907658 8916113.915038662
2010 8404505.864290457 8484187.253477287
2110 8125707.690502523 8023525.603606055
2210 8036803.310832721 7288795.2726518875
2310 7220228.42476559 7312579.582221027
2410 6557085.970495724 6420845.1085188445
2510 5621034.383520599 5747771.3217811445
2610 4614420.311668261 5037138.720136023
2710 4082455.9926141407 4061934.16915397
2810 3174437.4381997753 3176393.669694061
2910 2431765.938546947 2505959.932854509
3010 1966789.1167301661 1896552.2934730859
3110 1570134.5577759615 1574199.2036891126
3210 1220251.5201567821 1277617.2794546534
3310 1048922.4258602734 943814.8766126917
3410 739018.2016443101 698696.0471314747
3510 575990.5960599498 517409.0896182576
3610 458366.1470496585 381591.0135456578
3710 432990.1370402942 294048.6806607372
3810 361487.14106442616 342757.44432269334
3910 305159.3820614296 256946.07133805353
4010 250761.7216984571 202731.990390707
4110 235532.26610711703 181099.51534153655
0011 497792.90764593956 481862.9806791368
0111 601338.6840079989 557146.2116062641
0211 736691.4215110925 692395.0478593133
0311 932332.8331190217 885568.0183122219
0411 1206714.0502059048 1181252.4629847552
0511 1542033.9343265512 1517319.771581013
0611 1991523.762614232 1935810.977001159
0711 2666482.3772985833 2521552.9124258026
0811 3581462.4909998174 3511040.999312936
0911 4407668.733463718 4563214.0837041335
1011 5138963.030003882 5194481.661231381
1111 6195800.1098405225 5583226.503340782
1211 6639600.221280259 6922116.30487659
1311 7362705.403926862 7223180.738834256
1411 8265783.3118373 7759317.272282073
1511 8874575.480579408 8042175.743865298
1611 8843539.408078076 8730845.130659712
1711 9007611.71244426 9062599.849424703
1811 9415209.509394502 9633417.969635135
1911 9578302.823651139 10231233.230835795
2011 9133197.522210972 9918817.141577208
2111 9259363.20291712 9732931.75971473
2211 8534002.941144135 9123776.23404106
2311 8036221.676871269 8462573.618153967
2411 7392989.127911593 7325645.658192397
2511 6691038.706825859 6329985.008020562
2611 5597444.116622615 5470237.027220232
2711 4725043.916172067 4827377.8941791095
2811 3902084.603887192 3991585.7352742804
2911 2888929.945141055 3063330.5636852677
3011 2237694.3848316995 2279098.6940621743
3111 1748430.787665843 1689789.5872599445
3211 1322341.2430984313 1257132.674374126
3311 1095353.1820653295 1069180.6839446733
3411 849126.4925555626 805281.9798987806
3511 659856.3994298512 570034.7813200003
3611 536442.3569752946 471418.7621991164
3711 858286.9278104578 497632.55668137356
3811 381264.4932486904 350142.8434314965
3911 309393.4994868743 247931.8376680196
4011 280455.4859164528 255711.13628383883
4111 243565.39698461827 214088.89427130148
0012 487863.7281898029 477677.99950535886
0112 594577.6175336306 539806.1728240567
0212 750871.227578192 679251.2478450201
0312 925897.3599080419 911357.9051419727
0412 1170202.3060596406 1119842.153493454
0512 1521971.3057220122 1484892.1542562665
0612 2007918.2961376924 2046114.1096837348
0712 2671240.5416416437 2589061.244187817
0812 3688966.2624240136 3402933.716095126
0912 4532651.581989897 4697260.61019229
1012 5288477.854632839 5334059.624537772
1112 6235782.367452533 5905872.977431925
1212 6683142.136587869 7455481.1826563
1312 7460069.447786953 8100455.494939359
1412 8161926.290047455 8620698.21332683
1512 9252869.627990283 9166326.229904773
1612 9508964.328819176 9835490.14684013
1712 10175619.898348277 10467263.260141108
1812 10177670.250559349 10905763.074477915
1912 10219300.237687638 10755083.26378955
2012 9969665.811990164 10343837.097154904
2112 10152457.435678719 10251030.758438263
2212 9383579.170043897 9803283.065977702
2312 8769486.633800426 8739540.531458244
2412 7895645.158675522 8355968.247479817
2512 7687354.86061024 6696975.584860433
2612 6900870.396857308 5697621.242084389
2712 5984540.128766263 4811375.074926217
2812 4714960.666497249 4441100.689709264
2912 3474036.166761391 3717662.6126595098
3012 2619636.155562757 2748174.14074578
3112 1979633.4481001573 1981853.454210565
3212 1589865.966098344 1613048.8259027342
3312 1223062.7382966145 1214915.0680883576
3412 960484.4988905094 931462.5973194266
3512 763024.6242300845 739911.1817762124
3612 612486.5382356314 614056.4559544512
3712 491435.91064700234 467868.5835598314
3812 433693.9800242078 400212.8107980311
3912 337876.80085656897 288800.6039720529
4012 293843.85618150403 249809.60146334596
4112 262048.96734831302 216036.50644419258
0013 432748.0247347371 368548.31235633965
0113 558394.5525755074 491806.09438673104
0213 722376.7046921363 714137.2306370735
0313 1568027.3333469247 1558358.5218453757
0413 1155442.6407338465 1104271.4015790983
0513 1468451.0972766266 1431572.8427604467
0613 1965668.0021558674 1954572.662370376
0713 2601948.803946386 2482587.4915831857
0813 3655216.8220457043 3330109.1897021057
0913 4639839.273836777 4781808.833487147
1013 5213322.996840757 5735599.890285648
1113 6299701.65145932 6487179.674358874
1213 6464069.213204773 7847045.92955358
1313 7486795.863209706 8491681.576083131
1413 8312955.826580802 9332059.360956592
1513 10071252.703065142 9547397.344348427
1613 10369985.927602613 11204864.658511182
1713 10869716.636739392 11728263.250954863
1813 11200427.39037865 11852146.001236543
1913 11030787.143668676 11784543.381527184
2013 10888371.753807446 10796782.247357205
2113 10537881.358306812 10587420.03034912
2213 10208454.417122133 10272721.238409106
2313 9844582.56508744 9290908.845110996
2413 8896941.347222095 8488718.673121769
2513 7813082.420656449 7343278.993066605
2613 7735631.011980348 6480916.1558823595
2713 6696175.30944018 5326311.440228242
2813 5336213.142356184 4548803.607842664
2913 4335819.839132862 3944704.3534557703
3013 3262858.700242149 3193574.984108421
3113 2408034.7729183785 2482035.563856226
3213 1761516.1050067 1768166.2610550167
3313 1374433.7859645984 1326789.4136163564
3413 1088981.0062419681 1117358.5396439976
3513 874797.8474185598 925163.1068865539
3613 669520.7028843418 640183.0592356684
3713 543024.3705889328 504470.30857717275
3813 475145.70097673585 419058.0876760092
3913 381523.2418894488 346159.35787576897
4013 318337.7109367509 278384.2753378015
4113 284260.777236187 280292.38916000637
0014 443454.71830528317 387151.23898076045
0114 557030.539217819 495978.0133415697
0214 708178.4867051431 666016.5429183576
0314 916554.2655827944 804730.5390628221
0414 1121657.9986023048 1093170.7670377048
0514 1404857.2014003291 1332214.8886730222
0614 1906588.8845719837 1918066.4570734978
0714 2611995.7186634787 2633561.397977475
0814 4018304.803603308 3329453.784358579
0914 4582135.601221359 4773857.8686408335
1014 5221949.001366656 5863647.009027979
1114 6354876.0813067015 6652616.381212484
1214 6481459.749438321 7846487.863941227
1314 8024316.734245313 7564918.022753354
1414 8869125.052686157 9209355.6576515
1514 10112172.715438215 9761088.143964646
1614 10844857.93469489 11443166.9158211
1714 12253010.55380246 11815190.048462288
1814 12672565.325030183 12855862.753291612
1914 13029206.294699406 14064179.435144331
2014 12363293.417314194 13642147.959738918
2114 11456954.404937483 13097112.930791533
2214 10395909.284685079 10635617.301605193
2314 10036553.041198447 9959384.265621012
2414 9350560.201562937 9527656.99935804
2514 8302216.245846 8678920.023208959
2614 7399925.086164197 7023861.575005095
2714 6481422.865625264 6118974.914964335
2814 5447631.62973509 5027044.6940709455
2914 4695128.878871649 4193076.3584651174
3014 3853195.9559246176 3503978.9126812206
3114 2975202.9261788605 2797866.8875184087
3214 2097562.815563159 2030222.1739566282
3314 1555646.7335829132 1427269.4246579728
3414 1221481.5955124213 1178348.139739647
3514 977408.2843403135 968930.2920529804
3614 760596.8497165063 769811.2428650697
3714 593364.4289985079 558609.5999071117
3814 477775.15860558953 425728.0565032581
3914 382414.13819033845 336136.64418347506
4014 336430.8081506297 291431.2265892747
4114 277815.3618652057 224829.3651100813
0015 456756.12728674966 385247.1969865637
0115 519463.491511558 456885.3212046927
0215 653318.0104904402 565469.0665608088
0315 823832.2653972788 715157.5798857138
0415 1033233.7842519914 944243.8391795466
0515 1426523.2223890151 1402394.4332633635
0615 1838368.1654287418 1803288.5493862412
0715 2437310.2369996416 2423282.947482595
0815 3386329.8941724757 3192964.148825981
0915 4452153.337449071 4660168.091257822
1015 5144008.110841228 5993854.1787946075
1115 6627248.7293872265 6268167.987676667
1215 6808225.197794843 7647671.236911855
1315 7769060.833905476 7440049.758604573
1415 9131852.360127497 9263083.609593255
1515 10104937.736345498 11013493.241212504
1615 11399401.42736694 12508992.020371623
1715 13478972.534698471 13324138.314131152
1815 14392982.563202778 14953652.441048687
1915 15228643.030048056 16426219.565896796
2015 15735960.806624653 16159220.254114516
2115 14657628.621058732 15700734.27674823
2215 13022935.435719483 12631129.84256116
2315 10601663.149819916 10854071.038118571
2415 9774441.879879395 10550039.711542461
2515 9332044.085968247 9743006.626789764
2615 8327362.901803119 7772406.877939452
2715 7803141.29354343 6166877.998103002
2815 6074662.887542108 5469036.747413333
2915 5080291.306478374 4886493.846758659
3015 4327727.358017034 3898303.713229098
3115 3527450.6552004176 3105726.5503104613
3215 2479051.622540182 2356342.6197695164
3315 1772313.5323497807 1655268.515935779
3415 1372473.6103334508 1265321.3083684826
3515 1080712.4787435855 1064564.122609481
3615 821843.2365453348 813144.521650744
3715 699203.4594551959 621112.6550542677
3815 624916.081005325 552873.5822592155
3915 427259.4782986058 397488.84882982593
4015 397949.87034601456 377326.7646344401
4115 301808.6547863413 270168.9982188531
0016 388277.0801648033 318812.22920235316
0116 503938.30210867774 426202.5188135827
0216 630203.0938207657 559966.3769618485
0316 845111.8271259448 823735.9881054756
0416 1051790.7646298355 988656.4718335683
0516 1334056.517532036 1278358.6282228357
0616 1726806.661641292 1669397.3170260147
0716 2289117.0819239705 2239966.3780185394
0816 3184178.3656944754 3046130.3357308693
0916 4350143.508765249 4450456.749640273
1016 5309583.580830359 5692395.973912397
1116 6551354.969671753 6650051.962620627
1216 6658527.700230626 7434637.798755869
1316 7165781.228640728 8452709.290470822
1416 8727077.625679072 9838911.539024537
1516 10235371.134575162 11179323.49981171
1616 12011113.338644002 13071577.46157698
1716 14300295.209729737 15565883.062724397
1816 15384444.343536198 16953731.94947465
1916 17152553.622472197 17226167.752651878
2016 17094912.075166576 19440519.145400006
2116 17063242.50054124 17895946.741829105
2216 15682213.102725819 16617740.484842371
2316 13271242.506184466 13570933.434233768
2416 10651123.946566042 10905989.201809721
2516 9775946.309276339 9799550.527411005
2616 9048150.475654034 8682829.972350726
2716 8433219.1770612 6944793.438595083
2816 6650041.208014149 6523624.031037381
2916 5612160.085146212 6198911.417264533
3016 4433934.522042219 4442947.717374182
3116 3739672.6387231504 3568525.780245226
3216 2901542.5506523666 2649365.02775159
3316 2058448.2213983936 1874919.04986427
3416 1564691.7540117833 1427786.1980080446
3516 1222891.3624842553 1249015.8574772654
3616 909712.3429662755 897229.1219551667
3716 706908.285058547 665391.8397583804
3816 620623.9493349921 584466.4229054729
3916 479435.9130110759 468599.6044916346
4016 374049.15918894036 324458.0969247397
4116 320861.6658667154 282522.72855062713
0017 343712.7991437046 271649.892522661
0117 489564.51188808074 456293.1926023138
0217 623118.4771143672 574087.0636116725
0317 787732.8330188707 731880.4505506704
0417 989510.348455567 951956.9865289677
0517 1263570.2458304423 1202323.7859465464
0617 1646864.4253133007 1601969.3320580116
0717 2225069.0506076943 2210050.3331513773
0817 3045125.0839744476 3019714.8827245818
0917 4056795.9665398174 4111041.3683005273
1017 5131697.930975069 5604084.200629492
1117 6169108.464528536 6683195.669722309
1217 7285980.207414252 7380704.775945605
1317 7401472.0082881665 8290522.769187076
1417 8618158.773734435 9895707.872751242
1517 10137964.274898352 11996777.632151451
1617 12581122.75027249 12420086.49818995
1717 14732670.309331441 16379332.229112789
1817 16581461.3209119 17684936.714441106
1917 20572604.349779595 22126078.088679757
2017 22193500.88586421 23111570.98623302
2117 21066233.465976506 21519923.972801678
2217 17949893.39504865 20147911.373411525
2317 16069562.287753584 16926230.04330037
2417 12713731.069483612 12651538.318433233
2517 10074015.453254983 10724818.205909116
2617 9436721.616302922 9548175.121092085
2717 8405055.863227412 8246487.983423959
2817 7419281.666861691 7232675.876450014
2917 6117722.026262492 5868549.438470499
3017 4770578.387266071 4783232.356728848
3117 3994393.8502707947 3924877.426705898
3217 3241560.736547294 3070387.052697112
3317 2425198.5422661095 2274504.607854962
3417 1747366.4397768625 1707078.2581203422
3517 1342386.8928487273 1266991.2461995152
3617 1057388.0730043135 1068872.269955347
3717 830905.9360679205 809978.8008624942
3817 625663.0558190364 581438.5925775636
3917 495294.66332503676 426462.52467255644
4017 404381.71738981304 324526.1152572908
4117 399768.2648447903 375899.9876961802
0018 345014.6380988334 267402.9015827066
0118 475659.45809078886 450168.8050746834
0218 614014.3750370649 575977.1869125618
0318 799495.6192880305 727338.8371308246
0418 957998.0607664166 886199.208155547
0518 1183215.8289608192 1079858.2149571462
0618 1579699.8747978306 1554872.7808476328
0718 2079075.3432784872 2052214.7846187996
0818 2901732.9262795853 2993365.8673440837
0918 3799331.988247714 3772875.5940976017
1018 4801591.793725551 5635883.02783548
1118 5966476.876677697 6466217.789544944
1218 7102800.927199415 7751677.825181614
1318 7314702.254565606 8374864.643106661
1418 8519472.46156444 9292401.983340299
1518 10011906.811909093 11268767.271007666
1618 12634090.686000375 12889679.942342956
1718 14693206.75925829 16945124.873351052
1818 17379595.545962073 19813054.704471562
1918 22057789.99994321 26152093.89853571
2018 25398148.147413686 31544355.645841863
2118 26349572.061364803 28080287.435378022
2218 22161007.35616118 23723623.517849226
2318 17046933.596968524 19431030.81990412
2418 14970746.952074507 15385051.020829126
2518 11327060.589401534 11803605.110630421
2618 10832128.086947357 12440147.441415157
2718 8621352.514435543 9131735.959329208
2818 7833753.83732268 7677672.513207908
2918 6565134.089982522 6244709.063058785
3018 5225084.117950451 5122034.662669968
3118 4227831.476886476 4277385.358952753
3218 3520971.4227642296 3456775.9144169567
3318 2892776.387686405 2359368.9767549387
3418 1971287.2383879337 1772375.1360284102
3518 1475597.29796683 1419894.0873065516
3618 1164122.1279972626 1182893.3739953442
3718 916575.8471731279 884731.6425319453
3818 680903.6138393839 676565.8905514845
3918 524164.5180120699 472063.3756979603
4018 434120.62854363536 405884.0320890837
4118 382755.4017364592 383765.3502684573
0019 325889.9250383571 245594.12236923183
0119 429583.517206079 373784.95567369385
0219 589247.1820922353 505957.01866063295
0319 714554.7192451968 592140.666364362
0419 926388.1360463903 826336.5176850529
0519 1131741.7021505663 1051958.4923995025
0619 1454524.1062774155 1401591.140154747
0719 1951010.2046799553 1906126.9160200774
0819 2612663.570882741 2573482.9273695587
0919 3565972.041970699 3450261.328073042
1019 4733257.169684652 4959140.599481417
1119 5719917.841305333 6412619.5415988965
1219 6930091.515070456 7904453.9393506395
1319 7371208.006542512 8207268.19481052
1419 8102659.51634074 9382891.971947484
1519 9221364.437418636 11329129.31512639
1619 12158750.950968092 14402383.174932593
1719 15059494.119714396 17167584.404950082
1819 17876914.478534985 20927034.232877463
1919 24497734.267249167 29249955.41853569
2019 32362176.882285666 41877922.618846595
2119 36991027.472014196 42871443.90386656
2219 30064618.86432033 32232225.394280985
2319 21338799.974751715 21721879.92473077
2419 16342904.577963453 17398666.265608657
2519 13831364.12610281 13249684.107353345
2619 10554739.726471217 10445871.49773238
2719 9572899.805590447 8814623.325402027
2819 8003569.918005071 8249097.034897673
2919 7084047.226281779 6964562.304214079
3019 5643409.431694525 5670098.23176286
3119 4562732.209339922 4517332.377791659
3219 3800492.7781707672 3780279.532080695
3319 2946801.859667165 2807131.343643562
3419 2215419.4327357374 2115948.398492159
3519 1713626.3510871816 1666285.0147937136
3619 1187186.758843814 1089765.1514762838
3719 937324.6219020386 918851.803763707
3819 744564.7192612204 722013.0908983458
3919 619227.201524142 607724.5592433037
4019 495041.3536725289 496797.5800274601
4119 400341.96799786255 373736.81050941214
0020 370042.1590800884 309674.49576981727
0120 429680.75678772543 368192.8113204169
0220 523998.28398510243 469765.1481735832
0320 650667.7039513723 581820.4087401285
0420 887048.5762709766 868225.3623711959
0520 1087007.541782572 1013757.2897161834
0620 1368929.2291469916 1290607.1527550202
0720 1843848.5375671918 1822293.6719634063
0820 2398269.319974069 2324636.8758834214
0920 3229333.0851564268 3074842.207883695
1020 4506813.195328027 4156196.011051978
1120 5578683.937176992 6008071.105769845
1220 6508969.968155765 7977124.682252787
1320 7412552.872350576 8148616.548497395
1420 8734249.464227606 9030796.972835673
1520 10416718.70065219 10203120.163507277
1620 11913198.47434838 13018377.530118544
1720 15000039.559690967 15889528.138543414
1820 18446977.438571528 20355556.44012053
1920 24645954.16594571 31634828.02895711
2020 45818486.28712 57433589.074104674
2120 72750596.45199959 85156991.71706325
2220 48106111.07249792 53678655.288124986
2320 27414821.53180489 26442515.115964178
2420 17931061.113557298 18404441.81138858
2520 15588279.38812496 14931162.150689786
2620 11574118.797820106 11679376.276265934
2720 9977422.876949549 9210197.059985515
2820 8770246.015706543 8403386.73213325
2920 7269719.105170158 7803229.469964197
3020 6284527.682211454 5942580.015945194
3120 5021849.789652819 5098101.79132816
3220 4044655.6556907804 3996174.4849162456
3320 3247516.4576074705 3141898.2145097363
3420 2877855.9657552945 3000131.426309123
3520 1790161.1461187394 1799792.4209182481
3620 1328170.671165375 1335543.0249486475
3720 1026253.701586791 1001795.3560559527
3820 780482.9389580695 728957.2187359707
3920 605683.5004983181 544819.6448664529
4020 512594.8777258382 460933.4730238785
4120 430594.72425689036 381262.7001985922
0021 317262.11812457454 239979.224352854
0121 414226.8258688043 384891.403534866
0221 473666.76477627025 423325.9247315445
0321 894657.5115406543 1386012.499355326
0421 1157813.2995101728 1513818.4991216352
0521 1027808.5991519287 964498.8016891299
0621 1288942.2812076376 1225613.491187461
0721 1723323.3226402297 1707404.2188007873
0821 2216239.983925988 2131200.687508452
0921 3018420.751479877 2925187.676984412
1021 4135282.843089214 3852951.845991477
1121 5191426.178690056 5433295.694676146
1221 6042515.0981246345 7395485.640136168
1321 7699417.709485797 8026290.117588976
1421 7534759.480951947 9180279.155490065
1521 9561041.53457109 9092380.384553177
1621 10685322.443544617 12573440.53460761
1721 14110301.498074612 15460567.18323493
1821 18378790.81777372 15834494.038858183
1921 24801407.42901574 29670038.721565083
2021 49261601.37310277 70158165.74831526
2121 174010203.3424985 255606069.99350595
2221 89345591.35279705 104979421.41956611
2321 33371052.63165309 34783677.62336416
2421 19880927.23926452 20950785.66207693
2521 16056664.931815924 16376285.011126399
2621 13538185.12518909 12318412.795525778
2721 10171616.876263313 10196286.617500614
2821 9321085.299832005 9274588.896772942
2921 8078803.815204145 7285864.7471331535
3021 6640580.348141757 6645439.536282019
3121 5557958.297091874 5291798.03135009
3221 4677046.4800342135 4025768.268305077
3321 3536047.3063880475 3440637.9685802064
3421 2627219.178432209 2724338.356579731
3521 1944884.7855784008 2019349.2374126024
3621 1438977.8810204067 1407183.260797822
3721 1085241.0828538968 1051924.8162694853
3821 915613.5606357014 862090.2271921419
3921 644809.5386656834 572135.2963159011
4021 524014.63889226224 475621.776412867
4121 432359.1860820671 402395.4439369095
0022 287391.9868753768 234586.70705535554
0122 363077.431424252 301451.7822400056
0222 438243.36181565793 371515.96611991746
0322 571493.0005570024 513530.2861624186
0422 762038.6563353125 686089.5958870676
0522 1048293.7290704637 948319.2726308586
0622 1196246.3965925782 1184340.613079862
0722 1577412.3851819604 1516632.013227654
0822 2014037.247659661 1942757.4632744133
0922 2718473.5001352 2619601.417043481
1022 3691836.5315945134 3459076.447369155
1122 5043255.023168922 4706017.847294341
1222 5617065.520682033 6772610.5708360905
1322 7095210.762394296 8065629.944338638
1422 7468736.331522582 9196694.98475139
1522 8710313.649409702 9546659.709554976
1622 9115073.690607132 12586258.37646521
1722 12425566.26955648 15729236.638060225
1822 16179913.228092462 16810033.305663645
1922 21773277.777528893 24912107.97160176
2022 35526110.00372336 51899549.8487296
2122 92022413.46622568 136705802.80903143
2222 78743923.2838378 102080227.85204941
2322 35866981.64630393 38511844.62210346
2422 21738773.334244993 23109465.859685823
2522 16305964.659467695 16968686.471667442
2622 14654921.211505596 13770702.502845
2722 10393066.913901605 11275378.872944005
2822 9177025.09218652 9737208.408565419
2922 8460720.37436495 8564381.944982806
3022 6863522.686082761 7376152.954723973
3122 5987495.608704122 5698596.462831353
3222 4680945.145162782 4492072.894183089
3322 3770240.885467078 3741994.674571482
3422 2844807.5168641596 2910520.32365478
3522 2133792.3277772586 2202834.928258428
3622 1603319.4709963382 1664991.8730514792
3722 1190984.308477235 1189399.6132900498
3822 918634.5289210206 895669.4865156888
3922 717142.7907504387 714117.3686622094
4022 568381.4432197986 535140.5234391163
4122 472004.00938857207 472760.66021999053
0023 321738.00716943736 256931.99618330706
0123 422525.8544377631 348459.85491162835
0223 416943.93196621357 338201.7712456559
0323 547286.389132773 508561.8180604901
0423 696599.0660255998 621270.9874189437
0523 1533507.6418058225 2287484.233477169
0623 1130440.9662530087 1113500.5294757918
0723 1414882.6842347288 1350476.4800038373
0823 1837672.761248295 1779186.596208211
0923 2457436.530662804 2407468.5159718827
1023 3317895.280812847 3209888.06999321
1123 4624020.165550019 4043721.078318433
1223 5590531.795516686 5757757.166651507
1323 6513703.678784025 7837819.468014893
1423 7214522.074500213 8659251.691449711
1523 7713935.36825965 9366853.430885732
1623 8865689.44980746 10897480.786031822
1723 11625430.991007853 13855452.618146107
1823 14697629.571279235 17009938.083570365
1923 18363259.19453332 21095894.496385176
2023 26717718.19591762 31530049.081608605
2123 41430354.15632068 54964477.38563877
2223 45838909.0828514 57417451.752969086
2323 33152205.450731564 35602819.32301711
2423 22973872.769313738 23222749.26313032
2523 16845972.715442058 16951967.037343316
2623 14870927.812082466 15418334.488120502
2723 11402016.844290068 11664686.827236151
2823 9453967.95684447 9340567.102344414
2923 8431329.239918113 8764475.430233842
3023 7499408.372193388 7720345.294180532
3123 6681774.949657027 5839629.618327735
3223 4893315.647770695 5106515.102025772
3323 4027151.661547926 4082967.599555364
3423 3099150.940683528 3066322.4909374523
3523 2210723.0305193253 2192265.7836214365
3623 1680107.258891832 1641540.7873667798
3723 1292509.9396085334 1321227.2976677327
3823 999840.507999786 1007160.4246254646
3923 746835.8735369524 703413.1841667503
4023 614478.800110674 580148.122680155
4123 478831.6325082022 425625.31480183394
0024 416349.0147034822 353390.85171665944
0124 371264.64870034705 294018.99791909
0224 417825.4493300718 342977.19143449626
0324 472277.3029248071 368858.24060013774
0424 661524.4943354368 550268.388717181
0524 839438.326743944 846137.352587197
0624 1030181.0176688996 985984.5022328033
0724 1301726.3591579539 1253262.2841728767
0824 1679100.502304499 1642777.0353669215
0924 2182010.864147357 2074084.8030296997
1024 3000569.7299400494 2959852.274909131
1124 4087372.0237108134 3756459.9413077603
1224 5589711.8491316475 4930788.362527469
1324 6110967.512449155 6285041.359472111
1424 7233902.576253932 7683277.364298047
1524 7475974.311074726 9286003.981098143
1624 8849251.134609932 9620477.357021874
1724 9941813.103827965 12217012.025711885
1824 14280329.577866077 16506575.023617458
1924 15900095.28211314 18431701.204354096
2024 21442791.15525617 22916361.28846951
2124 26925031.306411806 33015648.377263
2224 30561679.05140525 35251594.13727368
2324 27800659.681204844 31308264.042261306
2424 21819404.69501156 23011955.5485556
2524 16297610.105865397 17841003.45075719
2624 14392003.910386482 15374077.912154125
2724 12202098.178034099 11579586.92704741
2824 10699408.98713247 9831540.053175822
2924 8547276.971183723 8486449.575888138
3024 7678628.414554358 7977044.38499064
3124 7142049.701844679 5696194.127221173
3224 5324834.839054001 5076980.529166656
3324 4106195.0794730955 4351059.338268266
3424 3291635.163934979 3332836.9751039282
3524 2389668.782910581 2325061.657113735
3624 1773967.3550705856 1734795.827916737
3724 1362669.0177709283 1408594.3423518161
3824 1058027.2468641922 1080661.8953081903
3924 802866.0796451116 792248.3688540023
4024 615885.7508609511 552088.4321239805
4124 489844.96409945464 455109.16132241423
0025 248266.26022387733 186658.68502856308
0125 364960.7374329876 281438.64827455586
0225 374760.3684865313 299337.1945370636
0325 542006.5048687183 444335.2197069084
0425 631104.0270378777 636951.9769230678
0525 847100.4817377912 933240.8683905043
0625 908999.3734340969 826541.5656405688
0725 1147249.8447089791 1062144.793932683
0825 1519284.095306759 1466595.736313117
0925 1937483.3943283607 1860673.5770122204
1025 2612739.251937906 2550689.172585182
1125 3572470.5620026253 3421150.684729027
1225 4984988.955117331 4382035.063553947
1325 5993287.054201511 5893274.647363258
1425 6431128.084083671 7932621.44797283
1525 7462074.265603612 9096086.236108
1625 8885328.147253362 8881777.764877602
1725 9355830.35645505 10704782.145492824
1825 11530388.200019386 14047398.499763139
1925 14802389.90330257 17695807.242676836
2025 16572220.512183825 19572553.622007128
2125 20372780.34052036 24800800.370079234
2225 22929103.616541646 27483974.935974896
2325 22987427.21784124 25898860.404151537
2425 20156959.143625204 21371261.51182406
2525 16014098.992648376 17555468.029765412
2625 14082334.513605881 14828084.900648644
2725 12226324.258920927 11854415.837890906
2825 9791703.512150653 9950404.192387559
2925 8764331.992916508 8585346.859480295
3025 7479371.095743536 8318897.400874579
3125 6607146.615256296 6338992.693931007
3225 5859091.716102258 4892229.109752146
3325 4750491.45395136 4287427.114930185
3425 3529771.0634318977 3598300.055875779
3525 2583176.322613622 2546455.8799608424
3625 1894639.9547953429 1930168.0535381224
3725 1405835.8525078914 1401563.5007197012
3825 1114710.9818073832 1116092.4933882894
3925 846078.5314817175 820896.2721030985
4025 680862.3194598618 682192.5936470899
4125 543736.1183329683 539201.8482962581
0026 242453.57686050123 190565.72380087487
0126 280641.8906828995 207977.88886898698
0226 343688.3775529266 267340.0294618194
0326 427368.99957105244 337679.51400367747
0426 577243.9974010439 471502.9411207974
0526 630767.0802930652 515461.294907532
0626 797569.157846271 692639.2905946207
0726 1138133.194828384 1168530.5529373547
0826 1393837.5678890636 1346935.0161673618
0926 1777889.696753094 1710258.3885528091
1026 2312971.364883453 2276202.913909774
1126 3089966.4533935795 3003690.0574326534
1226 4290732.300970737 3920999.6005815337
1326 5813692.221834046 5204574.32834782
1426 5946589.316582203 6397285.23898599
1526 7139497.898829431 8030106.022888928
1626 7947443.695073852 8835955.802654082
1726 9427328.497185478 9569460.924138576
1826 9656560.891509699 11481799.535873462
1926 12209889.521993896 14882768.053719826
2026 14536216.971339917 18059521.93111426
2126 16745709.450802466 18747017.169284087
2226 18185478.38206962 21698974.810835153
2326 19885253.941367634 20889921.22440734
2426 17766020.247034617 17875650.106940296
2526 15352149.52593986 16276766.064958917
2626 13558507.928163039 14514962.814957922
2726 11971881.114361454 12054433.388573295
2826 10087077.520490423 10285366.668915097
2926 8845280.405285498 8817733.599408792
3026 7452116.362889312 8567081.651947625
3126 6992089.483426994 6453812.871073986
3226 5757931.988027424 5367661.117974754
3326 5023537.310824614 4135414.2754205093
3426 3779350.6234309394 3553110.8322221655
3526 2701970.481871567 2710767.1994635197
3626 1961825.6432054562 1939886.8704741031
3726 1491156.126911734 1504298.3521486307
3826 1154436.2114359862 1162224.7575673591
3926 864826.575788079 807935.5182007174
4026 720638.147537202 729568.0811444544
4126 585701.92398499 582646.2654634458
0027 239467.96110356925 188754.89696607384
0127 289231.14503033424 235547.57397918872
0227 338229.34087744635 273080.69166504074
0327 389667.8281130439 338562.8212684808
0427 513382.95787397143 425838.5119786902
0527 698750.2315388002 666041.8023193352
0627 757655.7367589072 699533.5814747137
0727 1134208.9211086126 1328632.3484782267
0827 1403927.3883331157 1614090.769058901
0927 1637265.463210885 1484869.3913409805
1027 2042221.5372982933 2024787.26659014
1127 2701232.193280653 2666409.308868236
1227 3638177.2227233467 3498018.2908653812
1327 5105749.271097753 4575039.1528378865
1427 6385729.542980815 4971610.064639376
1527 6461138.737833966 6780498.293751086
1627 7259971.16084266 8616941.077879429
1727 8360594.839230218 10478853.28672195
1827 9526197.209032485 10760511.484706977
1927 10385179.234666374 11773233.136981104
2027 12625582.350017942 14284897.249831514
2127 15075335.696360342 16624683.548929831
2227 16668086.785376007 17397409.481271017
2327 16276174.250888055 17037570.91942299
2427 15077588.865130488 16427968.699895794
2527 13841150.664487436 14978354.145222642
2627 12872314.723301336 13467094.01016181
2727 11279209.212668551 12012753.90966327
2827 10130826.176716609 9837865.515316496
2927 9262201.918452447 8201350.0740307765
3027 7304447.687540794 8466462.470601663
3127 7069726.355090905 6533274.638021479
3227 5735837.202156396 5269623.071362722
3327 4809075.519315224 4480050.9912232775
3427 3980428.9185649464 3661592.7435604488
3527 2841764.3597559705 2791375.3899455923
3627 2050362.5544476954 1929367.86299363
3727 1554648.8479008148 1536187.1441604446
3827 1191203.4647462016 1200599.9412688834
3927 929769.8810552461 881795.4070054423
4027 745744.3767881483 674808.4530703907
4127 606162.4795337445 580471.770406041
0028 208663.61954173225 149041.3087488071
0128 243627.72374098454 176452.21745797264
0228 307489.3591636323 249066.1652349759
0328 464491.0820050441 319829.31824935984
0428 501073.4181425296 380439.5793191322
0528 653129.5900180251 507681.16742697195
0628 669266.2000510243 590629.937904415
0728 856151.0604141766 775252.154552636
0828 1101714.9093969627 1052467.8024887547
0928 1368183.0434500258 1278511.0307037006
1028 1800401.8933408938 1755103.2002987864
1128 2312683.1171098207 2242840.9905395457
1228 3089771.6839763513 2988060.002512283
1328 4240930.435251628 3998460.083087981
1428 5764358.426108271 4978387.135929525
1528 6337943.034185694 6512228.360723975
1628 7370869.138808233 7350231.541590656
1728 7678523.880111669 8579490.803099228
1828 8759411.057226183 10296476.520162841
1928 9710205.489897046 10647024.368174635
2028 10505189.580188217 11670501.854916174
2128 11842095.94160353 13356372.923243048
2228 14065205.931418808 14596292.951657046
2328 14055212.827668902 15463208.147954503
2428 13792621.083131248 14479117.326319778
2528 12706973.976196615 12966118.89311808
2628 11941937.93702864 13303316.13852944
2728 10940841.526645798 12220998.458571292
2828 9667545.592637554 10002611.528845893
2928 9128441.189920066 8485378.073868295
3028 7710122.686715054 8094796.742027865
3128 6465613.536713188 7089940.852725644
3228 5584693.281429563 5231545.672967484
3328 4734594.203357173 4455937.281501546
3428 4039150.0238186605 3694472.4236958246
3528 2973504.311029549 2928899.039335875
3628 2170574.257442226 2180873.6547837877
3728 1618575.479460768 1605064.0753062596
3828 1239116.93951682 1231069.4575676897
3928 947309.2239251721 915728.4960619037
4028 738987.7683665048 695559.164916091
4128 572475.119344144 505077.879400027
0029 216940.46214959575 165580.46940954152
0129 270750.29935813445 228889.6662783269
0229 374944.4173385055 325606.2513182299
0329 337632.82872292754 287951.74618915876
0429 416742.07499144727 331154.53024233
0529 542577.3137111705 414320.3012084467
0629 589396.222586305 504234.2770931003
0729 788939.7325102951 723812.1841651289
0829 1040423.6010513513 1017803.0145445801
0929 1265627.0225134795 1223059.3850343332
1029 1594295.7596443964 1544545.7302061312
1129 2044991.9115230194 2003474.7370179559
1229 2654139.854124591 2612463.616863368
1329 3574260.5010123407 3418155.0751601257
1429 4784469.51895273 4359547.611206299
1529 6137063.894270285 5526957.510714481
1629 6507853.1181756165 7004034.787818747
1729 8176700.440563385 7565784.5372897135
1829 8683419.59300766 7844354.311540979
1929 8963962.627305577 10013272.798820531
2029 9184767.011488054 11685661.097640507
2129 10071927.74543864 11826107.302813621
2229 10966963.387782918 12254384.45064451
2329 11291410.425667046 13939664.133683609
2429 11494276.584613616 13036771.628256345
2529 11370415.892430922 10878782.638455817
2629 10930398.952864815 10961911.2135619
2729 9989935.24237052 10921404.410663622
2829 9630775.569297777 9546900.52767792
2929 8345615.21051963 8872901.468635421
3029 7566421.176578828 7825826.587894321
3129 6667173.907618351 7151928.570697241
3229 5691991.162354769 5325624.881912531
3329 4782807.054207803 4561049.984592983
3429 3917782.115938521 3756903.0977289146
3529 3069766.5416615233 3011168.917680485
3629 2212659.511014065 2201983.8415945247
3729 1692765.4947879605 1676667.0893967394
3829 1256492.1753517669 1208783.385694065
3929 1009658.6180797875 1012875.4992019898
4029 771334.5993176587 730455.6964734753
4129 630554.5875913248 622906.9733063591
0030 307378.46908021165 414719.29445167916
0130 232428.44697964273 177952.97359076914
0230 271086.87698305363 220389.76925137252
0330 324883.6190952284 252513.36386124865
0430 366438.3578437202 290149.32680400537
0530 442203.2853085239 363780.50689430017
0630 532361.3182634411 444508.33361063444
0730 696717.8324658774 632334.6733555759
0830 880168.8371633785 803110.3474896398
0930 1276196.8024785488 1236253.2291302197
1030 1403987.5713782986 1301822.933429538
1130 1790334.8990561736 1742212.5139856956
1230 2299405.9216421475 2276077.6347171534
1330 3054871.5419564364 2923621.118528087
1430 4706240.572466367 4775564.468652024
1530 5326152.970148983 4764426.915002971
1630 6555718.563734722 5978195.151234331
1730 6827106.938047614 7899213.794639736
1830 7475073.860343957 7922357.622785689
1930 7984595.097960616 9462921.632189248
2030 9375169.970702229 9170597.022513632
2130 9803282.504254842 10962203.104226926
2230 9996186.19706173 10402409.563061064
2330 9735172.845873758 11057684.210638897
2430 9775562.22441909 10759941.121422153
2530 10120196.28927254 10721800.376088243
2630 10355343.807727795 10141270.052165382
2730 9153747.707063338 10247787.811981961
2830 8987969.583645979 9166826.204991201
2930 8157101.015765702 9114932.714880317
3030 7158148.812696349 8015118.433369216
3130 6611523.420083541 6993250.625998322
3230 6141349.587665754 4899613.733963792
3330 4885172.625160499 4604006.381071033
3430 3844731.337391013 3892123.893417472
3530 3118490.946412963 3119818.638763355
3630 2204539.8328074836 2148930.1622313564
3730 1699309.594342472 1615972.8964707216
3830 1310634.9886756605 1315617.483187865
3930 1418727.5183066847 1750535.1056009624
4030 925519.8876914231 870015.7186889021
4130 637284.3104288349 600448.9228120794
0031 201905.82275414385 161351.25478958053
0131 199539.25573270474 144150.9632919045
0231 284328.9548638682 231642.35402415408
0331 351073.9170805838 302721.76843487116
0431 375867.2388761649 334534.7196790774
0531 410259.6504144009 349369.7724014113
0631 499681.67895320064 438996.7903679608
0731 620618.1353187055 603992.7481358651
0831 790358.4885157846 752799.4958479373
0931 1009159.3779458974 969421.6874690275
1031 1258119.8606702322 1188682.4697956855
1131 1586047.974083436 1511116.315070551
1231 2003997.893578335 1971075.5640792034
1331 2592084.2855891325 2531912.7133562826
1431 3520325.2715731594 3404563.4380870783
1531 4420247.559733747 4127171.4905262273
1631 5676588.009095375 5072773.767638483
1731 6356111.067323664 6491197.03774484
1831 7066349.617842444 7744090.114933606
1931 7434086.774028952 8487244.960608615
2031 8213503.687341434 8054624.440576902
2131 8070577.769601541 10915777.947507847
2231 9148042.060688568 10863894.14907271
2331 9120434.038984649 10805302.995785767
2431 9487501.212434378 10769600.965936117
2531 9501337.379496459 10647605.291666985
2631 9053469.121377584 10500430.769085266
2731 8966362.882450676 9286702.864770306
2831 8703730.399168128 8949541.558186186
2931 8114465.029220829 8603966.397282079
3031 7255808.567784241 7713525.011781439
3131 6760396.048467476 6605522.97864021
3231 6045025.682811006 5014336.187709738
3331 4999698.867237214 4397777.438996207
3431 3810888.993410444 3918832.730688905
3531 3019196.815068597 2930097.4327544915
3631 2265782.5016905856 2277276.4884227715
3731 1742993.0040260765 1726380.4595303445
3831 1325478.7351732894 1339883.0677875245
3931 1043737.2924342111 1018832.7808305832
4031 1013257.2684032684 857628.638129654
4131 969936.0168583107 852837.7839554856
0032 206247.52181842868 147440.36774188426
0132 180614.57291006 119208.30584506916
0232 274322.2794954433 267602.22759695
0332 553138.6721401401 820503.5078157085
0432 1588766.4301314787 4061842.260990643
0532 420138.275486335 384568.2575174476
0632 439191.8970382478 350991.36155126547
0732 562094.2074181858 504043.99810575356
0832 720934.9713925167 669619.8218967279
0932 891905.2583134171 862111.7922171375
1032 1142140.8735404056 1097126.0606288696
1132 1366870.6834045034 1286569.3187571762
1232 1727359.3428561124 1682473.7303684324
1332 2243321.793555939 2153608.0927461195
1432 2980066.8040415035 2949474.1780251553
1532 3761729.6127687725 3553723.3032483407
1632 4823986.283029033 4418171.934490042
1732 5805304.049628096 5592249.966094516
1832 5949960.844715037 6779131.245665947
1932 6481866.434365237 8280249.556049309
2032 7094958.229730921 8473839.675216952
2132 7821529.789095891 9063255.96240347
2232 8400907.593189731 9588120.333767805
2332 9056315.673660234 9612271.739627395
2432 8774940.62572201 10032570.404533943
2532 8432733.8429888 9856950.727357583
2632 8723472.311757412 8945794.241774583
2732 8634585.177691674 8654162.936085211
2832 8052060.825249095 8241873.026875256
2932 7470750.794553025 8176048.956952535
3032 7059052.688203163 7065830.722388211
3132 6711674.73318465 6092435.368803034
3232 5872833.250900959 5132269.008460114
3332 4890526.343067675 4393524.915919091
3432 3656156.2760851253 3892367.938176524
3532 3062535.8388325935 3053318.539421243
3632 2259509.790599941 2274177.395411045
3732 1704655.9842806077 1686729.0855561048
3832 1338180.5693450433 1325300.8207825415
3932 1113047.572286508 1029994.9467351575
4032 1408868.5546129278 1137035.4502827025
4132 1305548.3321645898 1129627.8346698312
0033 165638.3377337285 122924.58195336838
0133 167457.9835145187 114352.69955527215
0233 216862.56136437663 142663.2409834091
0333 578451.6158024328 974246.7672082038
0433 6151957.690343357 31554698.118237775
0533 477426.71102709486 522844.6015585543
0633 420974.3600091375 371165.99396738573
0733 488649.7025405844 396520.9920063425
0833 972488.9064906094 1036356.3414110799
0933 793638.5724878582 723773.2150339077
1033 964206.173068972 926894.5945254245
1133 1248782.7785324857 1197678.8920598736
1233 1505881.9392775153 1438792.6345539885
1333 1910418.404627659 1883584.3990418008
1433 2436682.000914818 2383606.609795604
1533 3267740.2850901294 3246323.0838736226
1633 4039489.63446353 3742853.341035572
1733 5081361.234237195 4656190.644514735
1833 5985130.635197128 5630093.970384111
1933 5473430.94546407 7276629.630723266
2033 6452946.181209598 7132865.039944418
2133 7490036.036635093 7519106.1645948505
2233 8023791.361759781 7959511.2168306615
2333 7754478.929362421 8827220.802018879
2433 8162651.406108631 8554873.151764806
2533 8327415.901903975 9123612.993589979
2633 8152260.373071408 8387305.9259754615
2733 7824933.425889762 8138915.140980488
2833 7451030.225737527 7637611.825571575
2933 7048519.806909746 7662170.380325573
3033 5909048.390086196 7340445.479790911
3133 6595078.891767545 5685143.571310849
3233 5344087.6919279955 5367466.350598559
3333 4988638.200558587 4042741.964090396
3433 3761830.0747185173 3648061.6066385494
3533 3015205.45352935 2982546.1211094223
3633 2244095.0919823525 2164407.0640796074
3733 1708534.1649533159 1716225.688559723
3833 1305978.8945183433 1247991.373432128
3933 1082746.5258139526 1057153.6085330038
4033 855609.7642556456 855035.8013350782
4133 682168.8303763635 648132.971520683
0034 127414.6801152138 73802.6593274594
0134 162047.92789054607 113253.86224399983
0234 190509.60057877583 129554.0762569743
0334 244152.63649303975 207799.3473607038
0434 368146.907244956 399140.3292384227
0534 345288.2011741355 322188.8885978746
0634 361474.5384767371 277959.0062656454
0734 480653.77473895304 438665.80859415384
0834 570023.4836933721 537369.0438901727
0934 694108.1734107987 682481.7873419672
1034 905807.1783644912 981127.4027373822
1134 1089022.1323274716 1068834.8560429832
1234 1322830.2519817743 1261646.5238187667
1334 1653548.9772757594 1597001.8012392023
1434 2101323.9521332807 2083466.741305253
1534 2759678.9113347656 2845670.4947870173
1634 3392495.2642020653 3235992.583786692
1734 4340033.843407438 3972832.0783376573
1834 5315140.8097620085 4665094.6354094865
1934 5926030.674468127 5435078.013241317
2034 5854836.942122683 6949649.8231324265
2134 6666138.982491147 7015500.516523399
2234 6441329.072846086 8247684.149953297
2334 7015434.055607479 7965315.774373359
2434 7367147.984005679 8067727.024693103
2534 7455989.021449587 8365539.793789804
2634 7443388.395729003 7514929.335860225
2734 7187202.182024878 7327221.161081295
2834 7063952.302915333 7160225.384005619
2934 6184523.565819675 7421649.65540637
3034 6409514.951099373 6320172.714050999
3134 6028462.100158486 5745813.164797392
3234 5297525.266568905 4895523.851817452
3334 4581627.785551959 4201493.037829772
3434 3681365.6267383522 3463178.293064425
3534 2939467.6497751963 2731184.6725680195
3634 2269354.7965092 1963448.6700545156
3734 1695477.1648716573 1674049.6327647849
3834 1317551.7943110396 1286799.4650956802
3934 1522813.4544906542 2091042.9483941803
4034 827063.9980605072 799718.1842120894
4134 656068.3612734966 613503.5670793002
0035 128307.50421055652 79374.75039387314
0135 150780.7473993835 89955.77008121031
0235 190540.5593960398 129686.31671459519
0335 214025.43933660386 173011.745213765
0435 267015.49642735097 249628.5222601361
0535 301237.03739524784 249742.1445386118
0635 356664.55767168937 315449.583875428
0735 405913.22097080224 320478.06773183186
0835 461947.7220133019 373720.44032300886
0935 586625.1513078503 512655.9730169717
1035 753102.849086014 724623.1393760669
1135 911189.8337706231 827970.7932994948
1235 1175604.8111604683 1118372.1692812885
1335 1420639.1071919252 1354690.8668415006
1435 1748261.780062137 1690430.459671661
1535 2343852.26804244 2304476.305054299
1635 2885947.807042068 2822143.555390315
1735 3594343.5658764285 3344067.675562288
1835 4326875.486706678 4002783.871924216
1935 5463216.658330437 4911700.658825651
2035 5897391.050086577 5913531.144309447
2135 5739203.6497335825 7307264.669653674
2235 6225465.752174035 7995995.367566175
2335 6512419.871563002 7263587.112129652
2435 6805408.364754058 7155846.577268323
2535 7035746.438494401 7290256.916478647
2635 7082431.32191988 7041656.79275625
2735 6852244.818569944 7078236.086062901
2835 6885994.289320016 6909121.97908418
2935 6392408.91174291 6268307.344079796
3035 6543187.554274004 5876420.881306265
3135 5725473.954237507 5371450.516095436
3235 4983678.329303585 4854965.150075685
3335 4516595.543545446 4271742.431255275
3435 3545582.2286087987 3299961.3489512717
3535 2729108.4144788235 2570516.9947444093
3635 2141620.654844524 2100407.2682734975
3735 1668141.7420698025 1669727.6413732239
3835 1840566.3252266361 1672863.8821547255
3935 1026515.0070429292 953590.392940022
4035 812412.6492671735 741414.741145933
4135 662294.1975844601 635542.7515496912
0036 121850.51195978698 88030.97462960819
0136 135313.31791594916 87466.48804538888
0236 137573.63255385222 81832.12125039546
0336 215337.62730433818 169650.65915475725
0436 253731.01467363286 232414.4853432412
0536 271577.0442528681 228990.93052071118
0636 316136.46656928945 256265.29294419038
0736 507889.5599678464 460305.3347422551
0836 447942.74431905703 386560.39745917614
0936 481925.52632894524 384627.5558634046
1036 640215.4300157678 591003.5361355362
1136 751460.0122763619 642323.4959046358
1236 988141.9555588303 911418.8042890709
1336 1210191.4121249656 1120747.613943671
1436 1549462.784350233 1426301.6550578924
1536 1878481.2728751525 1818161.2920750524
1636 2377206.9128504563 2316433.8693563067
1736 2892709.6757712425 2787531.4118483695
1836 3557490.2589508872 3364820.6865641647
1936 4364519.478454932 4027473.5867562084
2036 5283802.409585443 4660841.285788431
2136 5565113.836460209 5762951.933109638
2236 6075657.751524363 5483484.47206517
2336 6944655.569223698 6049099.30714102
2436 6852572.886230769 7616008.378638233
2536 6335058.808127728 6844929.486449486
2636 6580075.744910501 7445654.070453914
2736 6547930.854623577 6822339.720982517
2836 6833243.227155283 6281480.460487493
2936 6395863.090392868 5999950.48612526
3036 5973535.547925242 5743848.3739726925
3136 5388684.340429947 4684247.863522386
3236 4626849.931340501 4479508.021250686
3336 4009775.276991204 3714027.219444242
3436 3244055.8609610815 3018706.410846166
3536 2626845.661644591 2512839.1419463083
3636 2062391.1720243616 2036472.4715375646
3736 1595370.022003931 1584181.778952223
3836 1262395.1530975725 1241725.3451266123
3936 996852.6626452912 934762.8935477515
4036 794159.8407273397 772328.6922692439
4136 845292.2057085055 996114.5288779613
0037 148947.0736623562 88310.22244025904
0137 118398.23934458823 58692.25599128135
0237 155421.66924316107 109025.1303528718
0337 172027.92019365818 117291.6278320966
0437 238383.5845020842 206161.82065656624
0537 258046.19363642926 226194.35778967803
0637 289655.1873340429 239634.74645885552
0737 349437.46283610916 269443.2525444648
0837 501308.64114173385 478805.6778682783
0937 539081.5803606767 486754.6252735105
1037 550675.6413707389 456770.44299844967
1137 670593.404180972 583283.2689096252
1237 845089.4547395334 766856.056779517
1337 1066261.9427149366 988795.5102340885
1437 1401970.5086157692 1356107.3728447445
1537 1848372.8665513098 1810470.3274656436
1637 1977793.2534215807 1912542.4184260091
1737 2455055.604007928 2392091.81722493
1837 2981114.884948232 2889365.6406260096
1937 3484316.134285951 3270599.81943892
2037 4123507.166662733 3827720.2873929315
2137 4889487.180993746 4397983.724702496
2237 5351286.194658993 4770951.628884328
2337 6001917.14073649 5121144.633847376
2437 6659794.336673697 5328729.60850934
2537 6691895.900347447 5521658.535107543
2637 6006114.413478097 7005712.087941923
2737 6658447.229569839 5978063.014935453
2837 6463199.28017991 5461838.332587745
2937 6489950.608669619 4853848.649612491
3037 5608418.713037134 4738807.785327892
3137 5518224.961955995 4116774.559285734
3237 4237022.247426724 3947965.1501815086
3337 3669884.296158468 3329886.37351465
3437 2995045.052555742 2863812.0265136305
3537 2466771.1854804372 2392439.155409214
3637 1971684.3446370028 1968326.180919974
3737 1581054.4068514167 1602386.6193097462
3837 1187151.517112357 1138490.2341517636
3937 969206.6520458013 957504.2272604703
4037 775839.2662347412 735381.0694192682
4137 649418.0093486307 607815.2267542023
0038 138030.79783314661 71635.31633550135
0138 138471.52020637185 89949.63039214637
0238 151374.53290467593 90074.15367603715
0338 173622.92686177092 148276.16748203675
0438 240977.41667319793 232487.1376841191
0538 305538.037110404 304265.1972844408
0638 281715.8924882409 254236.6302384487
0738 301659.0201051723 224240.37506108105
0838 435199.14075526706 417956.4930085875
0938 3683382.2887179996 11656959.317444462
1038 540055.9726050505 447814.31729895005
1138 574212.0094716691 482799.9005724212
1238 720327.5478113075 651927.7226969227
1338 915034.8010542451 838442.4859894261
1438 1487171.4881481675 1859272.598774767
1538 1486257.7489139724 1483019.6106613253
1638 1675309.2706004935 1644704.9963205333
1738 2005463.7606460298 1959648.5042329833
1838 2554687.369708166 2599902.350030467
1938 2938453.7919956013 2822149.526958777
2038 3469357.2767911693 3271972.2323356755
2138 3878795.7599756997 3563877.4644429157
2238 4397503.045170099 4044205.5453647957
2338 5014135.075862732 4417144.781332767
2438 5335974.812213891 4696127.26217797
2538 5825304.834908994 4791489.538161071
2638 6010437.665980864 5012987.565737004
2738 5946975.055168291 5131958.704441733
2838 5570014.169083866 4670690.915031908
2938 5484841.781419519 4444293.885631798
3038 5154311.146654441 4328033.324820242
3138 4594624.191428022 3908678.53240926
3238 3853770.31385293 3556496.3136441247
3338 3271481.0714700418 3012304.4255522643
3438 2772690.734443459 2617690.0404833117
3538 2327384.969971097 2294417.391645533
3638 1833414.3600869991 1810994.7016476472
3738 1441968.435021735 1404430.6228584647
3838 1124425.7367407195 1105971.0784854374
3938 955032.8991637905 937150.705104097
4038 766260.3080758826 733227.8026823534
4138 703158.9306205576 748809.6625814973
0039 107967.66088806247 87103.85743487888
0139 139424.90266101173 104845.37863394522
0239 150601.9018991415 102018.95560243157
0339 168720.79329875583 128419.53252629272
0439 192805.2298694249 137108.94448877728
0539 213804.3172549871 148837.81022324867
0639 249165.23724359184 225434.80022582033
0739 317150.96152699285 245772.2349469094
0839 346832.8908167812 297189.4305756929
0939 450953.5826989064 411707.2810104858
1039 447112.242280706 397632.4412306803
1139 539011.9680114025 492095.70536168054
1239 622633.8046277966 559002.9447721749
1339 787291.0868655691 769685.3458021268
1439 973033.6552943938 914670.046177307
1539 1218737.9541370075 1184772.894613733
1639 1410619.389008204 1380074.3038221595
1739 1666180.5726450677 1571058.6282953068
1839 2029152.6494731084 1963883.7128527514
1939 2550704.2779897177 2588571.5326730153
2039 3168942.22766874 3301522.780585941
2139 3235187.6234871154 3073588.1420399607
2239 3714842.445505193 3520758.5633311747
2339 4064517.5587512944 3755724.4599312027
2439 4419677.116189248 4055789.4968771236
2539 4635798.068153037 4241647.450638413
2639 4896883.102459546 4315272.8834065655
2739 4887774.397950698 4259521.038385154
2839 4698635.365061899 4306226.586128211
2939 4612096.527360169 4173001.1249489663
3039 4476825.425435154 3862313.8193128207
3139 3934216.860328851 3640326.6807893664
3239 3392524.88351656 3223913.956622215
3339 2954504.2031916985 2900821.6014637304
3439 2519243.5918790307 2447583.714885131
3539 2137596.4844538197 2114473.2188097285
3639 1713559.313522993 1667896.5772380335
3739 1392119.1153054528 1392680.4332909312
3839 1310943.9292398153 1600439.6248048444
3939 892813.4675059572 835293.6249718547
4039 729654.7788055969 665334.7574219672
4139 603280.8439381039 564112.1630677799
0040 90128.50090944943 58205.05311134689
0140 116076.3467313144 82367.06114117015
0240 262544.06754377333 340961.6115460028
0340 194646.31358626712 148670.25685034884
0440 176898.20992981264 144069.18651683285
0540 837028.5568391688 813838.8327293132
0640 284029.244293746 205732.41870181236
0740 293085.0252694654 248601.79526320306
0840 326090.3053773872 288333.4034415817
0940 370379.1203300986 312659.49681930675
1040 388038.30274678447 309310.34623721143
1140 538399.1079887043 453135.02701173164
1240 562691.006423666 500011.7996458343
1340 674057.9336295406 560007.34457828
1440 834256.5441324173 779696.633288808
1540 989483.162428736 892216.4357243716
1640 1668373.8167943445 2242498.1733775674
1740 1465654.6556962729 1427289.7544556526
1840 1656523.1181504703 1526401.1050169843
1940 2890012.00535389 3284348.271350359
2040 40606404.58195545 109304141.26162556
2140 3224620.4888424673 3648146.5557859736
2240 2999220.3900968814 2918000.238583614
2340 3295888.8250855682 3147573.804018124
2440 3641209.8641757714 3447670.330509416
2540 3889909.709012356 3701097.8780717794
2640 4049468.017158974 3826770.362421951
2740 4084362.543172528 3818249.533001758
2840 4056992.980472871 3787710.8895985354
2940 4014405.406765082 3704686.655289903
3040 3776386.9822991197 3494507.1948860697
3140 3370627.997954088 3258270.2380176894
3240 3004629.755239322 2943601.0493971957
3340 2665922.629906207 2644339.41347672
3440 2259061.242460411 2178753.122245651
3540 1961097.2040642335 1965847.116601477
3640 1571095.4783055398 1543568.1015387666
3740 1239698.4460970503 1165741.7097333898
3840 996743.7676159382 936739.5169197475
3940 847842.7045547236 810106.0816135819
4040 746986.2839540209 702214.3271750696
4140 596848.9279285992 587283.4814971086
0041 91918.28442495751 58153.532585560155
0141 94201.56800674353 59330.41453254609
0241 136475.03541025645 94280.6385341996
0341 171705.25813770806 121289.46328929448
0441 153929.6481051439 125967.60491155263
0541 712468.2305900351 652399.5874551033
0641 257337.31203945543 184660.4404197629
0741 253418.50053604008 220986.59359418682
0841 274326.70073823945 225337.97051035948
0941 337906.44441985164 278768.2922202489
1041 398195.48742976354 306914.23683085124
1141 451281.5663245338 341151.7437463528
1241 512907.8077565479 460732.80696668924
1341 564563.5469801165 481358.8520663934
1441 695262.1518874776 620216.5213208958
1541 886628.5784401933 812896.5200750157
1641 2164577.637677452 4428977.981558509
1741 1382396.9386912317 1488241.7844982513
1841 1415882.2678135708 1294419.6056457707
1941 1749659.5207398615 1697390.4124841508
2041 2199270.6246936107 2344695.417716058
2141 2281104.5239825477 2297914.901073558
2241 2476805.194973692 2410200.2862619325
2341 2743095.1354008485 2659770.557769581
2441 3018222.911686369 2958860.5495482055
2541 3230822.347335203 3148008.727690339
2641 3466640.0876302905 3255402.6407281556
2741 3416583.2305031954 3205422.713953292
2841 3474430.9396782713 3186285.1419987106
2941 3449002.05904281 3297114.740376128
3041 3158208.281767334 3049004.1399460803
3141 2911852.6447113287 2828653.941359774
3241 2647289.195188465 2609917.4602102544
3341 2409178.685276862 2339232.203477713
3441 2082484.8481290366 2015143.8307331582
3541 1840909.8200852538 1816935.6741608859
3641 1422112.207173111 1367030.6033916003
3741 1169878.7653277335 1148675.9931567635
3841 1039853.0834806811 1016779.6586646753
3941 853681.0004561445 815324.7505274948
4041 718144.4942568706 666271.8338976211
4141 625015.7311017469 627311.8118678515
